Original array: [1]

Sorted array: [1]

Simple serialization: "1"

Serialization with compression: "1"

Deserialized array: [1]

Compression ratio: 1.0

--------------------------------------------------------------------------------
Original array: [10]

Sorted array: [10]

Simple serialization: "10"

Serialization with compression: "10"

Deserialized array: [10]

Compression ratio: 1.0

--------------------------------------------------------------------------------
Original array: [1, 1]

Sorted array: [1, 1]

Simple serialization: "1,1"

Serialization with compression: "1*2"

Deserialized array: [1, 1]

Compression ratio: 1.0

--------------------------------------------------------------------------------
Original array: [1, 22]

Sorted array: [1, 22]

Simple serialization: "1,22"

Serialization with compression: "1,21"

Deserialized array: [1, 22]

Compression ratio: 1.0

--------------------------------------------------------------------------------
Original array: [10, 10]

Sorted array: [10, 10]

Simple serialization: "10,10"

Serialization with compression: "10*2"

Deserialized array: [10, 10]

Compression ratio: 0.8

--------------------------------------------------------------------------------
Original array: [105, 11]

Sorted array: [11, 105]

Simple serialization: "11,105"

Serialization with compression: "11,94"

Deserialized array: [11, 105]

Compression ratio: 0.8333333

--------------------------------------------------------------------------------
Original array: [100, 101]

Sorted array: [100, 101]

Simple serialization: "100,101"

Serialization with compression: "100,1"

Deserialized array: [100, 101]

Compression ratio: 0.71428573

--------------------------------------------------------------------------------
Original array: [1, 1, 1]

Sorted array: [1, 1, 1]

Simple serialization: "1,1,1"

Serialization with compression: "1*3"

Deserialized array: [1, 1, 1]

Compression ratio: 0.6

--------------------------------------------------------------------------------
Original array: [1, 2, 35]

Sorted array: [1, 2, 35]

Simple serialization: "1,2,35"

Serialization with compression: "1,1,33"

Deserialized array: [1, 2, 35]

Compression ratio: 1.0

--------------------------------------------------------------------------------
Original array: [10, 10, 10]

Sorted array: [10, 10, 10]

Simple serialization: "10,10,10"

Serialization with compression: "10*3"

Deserialized array: [10, 10, 10]

Compression ratio: 0.5

--------------------------------------------------------------------------------
Original array: [100, 101, 200]

Sorted array: [100, 101, 200]

Simple serialization: "100,101,200"

Serialization with compression: "100,1,99"

Deserialized array: [100, 101, 200]

Compression ratio: 0.72727275

--------------------------------------------------------------------------------
Original array: [263, 185, 149, 7, 229, 237, 199, 86, 15, 256, 175, 206, 88, 225, 290, 129, 6, 272, 159, 40, 170, 224, 226, 26, 102, 166, 127, 193, 268, 263, 215, 245, 79, 134, 179, 91, 184, 19, 51, 127, 53, 232, 158, 133, 4, 181, 27, 241, 271, 16]

Sorted array: [4, 6, 7, 15, 16, 19, 26, 27, 40, 51, 53, 79, 86, 88, 91, 102, 127, 127, 129, 133, 134, 149, 158, 159, 166, 170, 175, 179, 181, 184, 185, 193, 199, 206, 215, 224, 225, 226, 229, 232, 237, 241, 245, 256, 263, 263, 268, 271, 272, 290]

Simple serialization: "4,6,7,15,16,19,26,27,40,51,53,79,86,88,91,102,127,127,129,133,134,149,158,159,166,170,175,179,181,184,185,193,199,206,215,224,225,226,229,232,237,241,245,256,263,263,268,271,272,290"

Serialization with compression: "4,2,1,8,1,3,7,1,13,11,2,26,7,2,3,11,25*2,2,4,1,15,9,1,7,4,5,4,2,3,1,8,6,7,9,,1,,3,,5,4,,11,7*2,5,3,1,18"

Deserialized array: [4, 6, 7, 15, 16, 19, 26, 27, 40, 51, 53, 79, 86, 88, 91, 102, 127, 127, 129, 133, 134, 149, 158, 159, 166, 170, 175, 179, 181, 184, 185, 193, 199, 206, 215, 224, 225, 226, 229, 232, 237, 241, 245, 256, 263, 263, 268, 271, 272, 290]

Compression ratio: 0.5690608

--------------------------------------------------------------------------------
Original array: [204, 285, 40, 44, 151, 179, 128, 70, 30, 36, 59, 233, 160, 157, 270, 108, 162, 73, 131, 163, 194, 126, 260, 84, 274, 58, 283, 225, 79, 284, 142, 187, 140, 171, 96, 131, 73, 279, 215, 215, 101, 294, 300, 130, 53, 231, 227, 206, 250, 22, 65, 289, 73, 131, 118, 217, 200, 89, 143, 40, 169, 174, 145, 17, 12, 17, 273, 221, 188, 207, 118, 196, 263, 290, 220, 285, 193, 263, 227, 276, 51, 171, 156, 172, 127, 138, 81, 121, 142, 213, 14, 21, 11, 247, 132, 174, 252, 279, 133, 141]

Sorted array: [11, 12, 14, 17, 17, 21, 22, 30, 36, 40, 40, 44, 51, 53, 58, 59, 65, 70, 73, 73, 73, 79, 81, 84, 89, 96, 101, 108, 118, 118, 121, 126, 127, 128, 130, 131, 131, 131, 132, 133, 138, 140, 141, 142, 142, 143, 145, 151, 156, 157, 160, 162, 163, 169, 171, 171, 172, 174, 174, 179, 187, 188, 193, 194, 196, 200, 204, 206, 207, 213, 215, 215, 217, 220, 221, 225, 227, 227, 231, 233, 247, 250, 252, 260, 263, 263, 270, 273, 274, 276, 279, 279, 283, 284, 285, 285, 289, 290, 294, 300]

Simple serialization: "11,12,14,17,17,21,22,30,36,40,40,44,51,53,58,59,65,70,73,73,73,79,81,84,89,96,101,108,118,118,121,126,127,128,130,131,131,131,132,133,138,140,141,142,142,143,145,151,156,157,160,162,163,169,171,171,172,174,174,179,187,188,193,194,196,200,204,206,207,213,215,215,217,220,221,225,227,227,231,233,247,250,252,260,263,263,270,273,274,276,279,279,283,284,285,285,289,290,294,300"

Serialization with compression: "11,1,2,3*2,4,1,8,6,4*2,,7,2,5,1,6,5,3*3,6,2,3,5,7,5,7,10*2,3,5,1,,2,1*3,,,5,2,1,*2,,2,6,5,1,3,2,1,6,2*2,1,2*2,5,8,1,5,1,2,4,,2,1,6,2*2,,3,1,4,2*2,4,2,14,3,2,8,3*2,7,3,1,2,3*2,4,1,*2,4,1,4,6"

Deserialized array: [11, 12, 14, 17, 17, 21, 22, 30, 36, 40, 40, 44, 51, 53, 58, 59, 65, 70, 73, 73, 73, 79, 81, 84, 89, 96, 101, 108, 118, 118, 121, 126, 127, 128, 130, 131, 131, 131, 132, 133, 138, 140, 141, 142, 142, 143, 145, 151, 156, 157, 160, 162, 163, 169, 171, 171, 172, 174, 174, 179, 187, 188, 193, 194, 196, 200, 204, 206, 207, 213, 215, 215, 217, 220, 221, 225, 227, 227, 231, 233, 247, 250, 252, 260, 263, 263, 270, 273, 274, 276, 279, 279, 283, 284, 285, 285, 289, 290, 294, 300]

Compression ratio: 0.5067024

--------------------------------------------------------------------------------
Original array: [3, 134, 243, 78, 90, 274, 160, 168, 51, 131, 175, 237, 115, 154, 131, 150, 205, 137, 42, 206, 284, 247, 264, 144, 105, 62, 228, 273, 117, 96, 94, 273, 269, 218, 95, 35, 31, 221, 79, 31, 208, 50, 21, 78, 191, 129, 204, 34, 83, 138, 197, 140, 296, 240, 27, 235, 154, 114, 226, 150, 164, 133, 44, 46, 35, 86, 206, 73, 138, 117, 206, 259, 148, 284, 190, 284, 262, 5, 20, 45, 205, 180, 107, 128, 183, 274, 201, 150, 147, 252, 98, 108, 130, 151, 217, 117, 26, 206, 149, 105, 151, 206, 106, 200, 251, 268, 241, 71, 130, 261, 272, 105, 128, 231, 188, 7, 105, 231, 295, 280, 25, 284, 12, 249, 4, 286, 129, 20, 236, 127, 268, 138, 225, 51, 207, 178, 137, 230, 237, 164, 121, 151, 238, 256, 87, 216, 114, 144, 266, 291, 259, 91, 211, 54, 271, 230, 95, 288, 62, 260, 184, 114, 274, 298, 42, 206, 226, 174, 248, 140, 253, 116, 179, 134, 166, 72, 291, 237, 31, 139, 80, 4, 66, 29, 289, 163, 83, 85, 18, 77, 110, 84, 58, 167, 85, 43, 286, 297, 298, 240, 57, 35, 147, 273, 172, 292, 24, 18, 173, 172, 26, 133, 185, 73, 166, 204, 11, 105, 294, 291, 141, 134, 168, 47, 35, 103, 165, 111, 10, 250, 129, 166, 198, 142, 183, 80, 124, 94, 202, 155, 212, 259, 228, 15, 32, 146, 265, 13, 163, 169, 283, 96, 57, 95, 267, 201, 24, 47, 294, 279, 36, 223, 177, 220, 284, 7, 29, 69, 221, 52, 22, 127, 196, 20, 261, 18, 103, 68, 273, 50, 89, 133, 228, 4, 106, 288, 278, 210, 202, 158, 31, 64, 225, 244, 98, 274, 91, 247, 64, 34, 287, 112, 149, 269, 200, 177, 209, 269, 202, 174, 290, 66, 240, 241, 298, 108, 193, 169, 73, 20, 124, 279, 246, 86, 1, 154, 183, 84, 74, 57, 192, 237, 269, 275, 51, 246, 65, 237, 197, 22, 8, 113, 144, 276, 10, 62, 26, 4, 166, 43, 193, 82, 249, 195, 258, 120, 3, 241, 243, 104, 88, 126, 235, 289, 6, 105, 93, 85, 210, 270, 206, 292, 154, 178, 100, 200, 28, 61, 92, 206, 174, 129, 157, 236, 115, 32, 28, 71, 173, 111, 55, 234, 126, 300, 51, 268, 233, 40, 227, 32, 241, 190, 199, 121, 141, 106, 217, 164, 118, 161, 125, 101, 150, 10, 33, 53, 297, 3, 205, 124, 96, 288, 74, 25, 105, 258, 146, 38, 185, 218, 100, 215, 78, 72, 130, 111, 49, 212, 279, 209, 140, 177, 203, 79, 97, 8, 272, 180, 153, 155, 11, 41, 234, 103, 218, 196, 178, 249, 37, 289, 191, 225, 121, 275, 154, 282, 293, 278, 177, 163, 112, 74, 176, 192, 182, 89, 64, 140, 5, 101, 44, 157, 267, 247, 76, 156, 76, 165, 96, 279, 136, 223, 238, 249, 158, 209, 25, 154, 98, 273]

Sorted array: [1, 3, 3, 3, 4, 4, 4, 4, 5, 5, 6, 7, 7, 8, 8, 10, 10, 10, 11, 11, 12, 13, 15, 18, 18, 18, 20, 20, 20, 20, 21, 22, 22, 24, 24, 25, 25, 25, 26, 26, 26, 27, 28, 28, 29, 29, 31, 31, 31, 31, 32, 32, 32, 33, 34, 34, 35, 35, 35, 35, 36, 37, 38, 40, 41, 42, 42, 43, 43, 44, 44, 45, 46, 47, 47, 49, 50, 50, 51, 51, 51, 51, 52, 53, 54, 55, 57, 57, 57, 58, 61, 62, 62, 62, 64, 64, 64, 65, 66, 66, 68, 69, 71, 71, 72, 72, 73, 73, 73, 74, 74, 74, 76, 76, 77, 78, 78, 78, 79, 79, 80, 80, 82, 83, 83, 84, 84, 85, 85, 85, 86, 86, 87, 88, 89, 89, 90, 91, 91, 92, 93, 94, 94, 95, 95, 95, 96, 96, 96, 96, 97, 98, 98, 98, 100, 100, 101, 101, 103, 103, 103, 104, 105, 105, 105, 105, 105, 105, 105, 106, 106, 106, 107, 108, 108, 110, 111, 111, 111, 112, 112, 113, 114, 114, 114, 115, 115, 116, 117, 117, 117, 118, 120, 121, 121, 121, 124, 124, 124, 125, 126, 126, 127, 127, 128, 128, 129, 129, 129, 129, 130, 130, 130, 131, 131, 133, 133, 133, 134, 134, 134, 136, 137, 137, 138, 138, 138, 139, 140, 140, 140, 140, 141, 141, 142, 144, 144, 144, 146, 146, 147, 147, 148, 149, 149, 150, 150, 150, 150, 151, 151, 151, 153, 154, 154, 154, 154, 154, 154, 155, 155, 156, 157, 157, 158, 158, 160, 161, 163, 163, 163, 164, 164, 164, 165, 165, 166, 166, 166, 166, 167, 168, 168, 169, 169, 172, 172, 173, 173, 174, 174, 174, 175, 176, 177, 177, 177, 177, 178, 178, 178, 179, 180, 180, 182, 183, 183, 183, 184, 185, 185, 188, 190, 190, 191, 191, 192, 192, 193, 193, 195, 196, 196, 197, 197, 198, 199, 200, 200, 200, 201, 201, 202, 202, 202, 203, 204, 204, 205, 205, 205, 206, 206, 206, 206, 206, 206, 206, 206, 207, 208, 209, 209, 209, 210, 210, 211, 212, 212, 215, 216, 217, 217, 218, 218, 218, 220, 221, 221, 223, 223, 225, 225, 225, 226, 226, 227, 228, 228, 228, 230, 230, 231, 231, 233, 234, 234, 235, 235, 236, 236, 237, 237, 237, 237, 237, 238, 238, 240, 240, 240, 241, 241, 241, 241, 243, 243, 244, 246, 246, 247, 247, 247, 248, 249, 249, 249, 249, 250, 251, 252, 253, 256, 258, 258, 259, 259, 259, 260, 261, 261, 262, 264, 265, 266, 267, 267, 268, 268, 268, 269, 269, 269, 269, 270, 271, 272, 272, 273, 273, 273, 273, 273, 274, 274, 274, 274, 275, 275, 276, 278, 278, 279, 279, 279, 279, 280, 282, 283, 284, 284, 284, 284, 284, 286, 286, 287, 288, 288, 288, 289, 289, 289, 290, 291, 291, 291, 292, 292, 293, 294, 294, 295, 296, 297, 297, 298, 298, 298, 300]

Simple serialization: "1,3,3,3,4,4,4,4,5,5,6,7,7,8,8,10,10,10,11,11,12,13,15,18,18,18,20,20,20,20,21,22,22,24,24,25,25,25,26,26,26,27,28,28,29,29,31,31,31,31,32,32,32,33,34,34,35,35,35,35,36,37,38,40,41,42,42,43,43,44,44,45,46,47,47,49,50,50,51,51,51,51,52,53,54,55,57,57,57,58,61,62,62,62,64,64,64,65,66,66,68,69,71,71,72,72,73,73,73,74,74,74,76,76,77,78,78,78,79,79,80,80,82,83,83,84,84,85,85,85,86,86,87,88,89,89,90,91,91,92,93,94,94,95,95,95,96,96,96,96,97,98,98,98,100,100,101,101,103,103,103,104,105,105,105,105,105,105,105,106,106,106,107,108,108,110,111,111,111,112,112,113,114,114,114,115,115,116,117,117,117,118,120,121,121,121,124,124,124,125,126,126,127,127,128,128,129,129,129,129,130,130,130,131,131,133,133,133,134,134,134,136,137,137,138,138,138,139,140,140,140,140,141,141,142,144,144,144,146,146,147,147,148,149,149,150,150,150,150,151,151,151,153,154,154,154,154,154,154,155,155,156,157,157,158,158,160,161,163,163,163,164,164,164,165,165,166,166,166,166,167,168,168,169,169,172,172,173,173,174,174,174,175,176,177,177,177,177,178,178,178,179,180,180,182,183,183,183,184,185,185,188,190,190,191,191,192,192,193,193,195,196,196,197,197,198,199,200,200,200,201,201,202,202,202,203,204,204,205,205,205,206,206,206,206,206,206,206,206,207,208,209,209,209,210,210,211,212,212,215,216,217,217,218,218,218,220,221,221,223,223,225,225,225,226,226,227,228,228,228,230,230,231,231,233,234,234,235,235,236,236,237,237,237,237,237,238,238,240,240,240,241,241,241,241,243,243,244,246,246,247,247,247,248,249,249,249,249,250,251,252,253,256,258,258,259,259,259,260,261,261,262,264,265,266,267,267,268,268,268,269,269,269,269,270,271,272,272,273,273,273,273,273,274,274,274,274,275,275,276,278,278,279,279,279,279,280,282,283,284,284,284,284,284,286,286,287,288,288,288,289,289,289,290,291,291,291,292,292,293,294,294,295,296,297,297,298,298,298,300"

Serialization with compression: "1,2*3,1*4,*2,,*2,*2,2*3,1*2,,,2,3*3,2*4,1,*2,2*2,1*3,*3,,*2,*2,2*4,1*3,,*2,*4,,,,2,1,*2,*2,*2,,,*2,2,1*2,*4,,,,,2*3,1,3,1*3,2*3,1,*2,2,1,2*2,1*2,*3,*3,2*2,1,*3,*2,*2,2,1*2,*2,*3,*2,,,*2,,*2,,,*2,*3,*4,,*3,2*2,1*2,2*3,1,*7,*3,,*2,2,1*3,*2,,*3,*2,,*3,,2,1*3,3*3,1,*2,*2,*2,*4,*3,*2,2*3,1*3,2,1*2,*3,,*4,*2,,2*3,*2,1*2,,*2,*4,*3,2,1*6,*2,,*2,*2,2,1,2*3,1*3,*2,*4,,*2,*2,3*2,1*2,*3,,,*4,*3,,*2,2,1*3,,*2,3,2*2,1*2,*2,*2,2,1*2,*2,,,*3,*2,*3,,*2,*3,*8,,,*3,*2,,*2,3,1,*2,*3,2,1*2,2*2,*3,1*2,,*3,2*2,1*2,2,1*2,*2,*2,*5,*2,2*3,1*4,2*2,1,2*2,1*3,,*4,,,,,3,2*2,1*3,,*2,,2,1,,*2,*3,*4,,,*2,*5,*4,*2,,2*2,1*4,,2,1,*5,2*2,1,*3,*3,,*3,*2,,*2,,,*2,*3,2"

Deserialized array: [1, 3, 3, 3, 4, 4, 4, 4, 5, 5, 6, 7, 7, 8, 8, 10, 10, 10, 11, 11, 12, 13, 15, 18, 18, 18, 20, 20, 20, 20, 21, 22, 22, 24, 24, 25, 25, 25, 26, 26, 26, 27, 28, 28, 29, 29, 31, 31, 31, 31, 32, 32, 32, 33, 34, 34, 35, 35, 35, 35, 36, 37, 38, 40, 41, 42, 42, 43, 43, 44, 44, 45, 46, 47, 47, 49, 50, 50, 51, 51, 51, 51, 52, 53, 54, 55, 57, 57, 57, 58, 61, 62, 62, 62, 64, 64, 64, 65, 66, 66, 68, 69, 71, 71, 72, 72, 73, 73, 73, 74, 74, 74, 76, 76, 77, 78, 78, 78, 79, 79, 80, 80, 82, 83, 83, 84, 84, 85, 85, 85, 86, 86, 87, 88, 89, 89, 90, 91, 91, 92, 93, 94, 94, 95, 95, 95, 96, 96, 96, 96, 97, 98, 98, 98, 100, 100, 101, 101, 103, 103, 103, 104, 105, 105, 105, 105, 105, 105, 105, 106, 106, 106, 107, 108, 108, 110, 111, 111, 111, 112, 112, 113, 114, 114, 114, 115, 115, 116, 117, 117, 117, 118, 120, 121, 121, 121, 124, 124, 124, 125, 126, 126, 127, 127, 128, 128, 129, 129, 129, 129, 130, 130, 130, 131, 131, 133, 133, 133, 134, 134, 134, 136, 137, 137, 138, 138, 138, 139, 140, 140, 140, 140, 141, 141, 142, 144, 144, 144, 146, 146, 147, 147, 148, 149, 149, 150, 150, 150, 150, 151, 151, 151, 153, 154, 154, 154, 154, 154, 154, 155, 155, 156, 157, 157, 158, 158, 160, 161, 163, 163, 163, 164, 164, 164, 165, 165, 166, 166, 166, 166, 167, 168, 168, 169, 169, 172, 172, 173, 173, 174, 174, 174, 175, 176, 177, 177, 177, 177, 178, 178, 178, 179, 180, 180, 182, 183, 183, 183, 184, 185, 185, 188, 190, 190, 191, 191, 192, 192, 193, 193, 195, 196, 196, 197, 197, 198, 199, 200, 200, 200, 201, 201, 202, 202, 202, 203, 204, 204, 205, 205, 205, 206, 206, 206, 206, 206, 206, 206, 206, 207, 208, 209, 209, 209, 210, 210, 211, 212, 212, 215, 216, 217, 217, 218, 218, 218, 220, 221, 221, 223, 223, 225, 225, 225, 226, 226, 227, 228, 228, 228, 230, 230, 231, 231, 233, 234, 234, 235, 235, 236, 236, 237, 237, 237, 237, 237, 238, 238, 240, 240, 240, 241, 241, 241, 241, 243, 243, 244, 246, 246, 247, 247, 247, 248, 249, 249, 249, 249, 250, 251, 252, 253, 256, 258, 258, 259, 259, 259, 260, 261, 261, 262, 264, 265, 266, 267, 267, 268, 268, 268, 269, 269, 269, 269, 270, 271, 272, 272, 273, 273, 273, 273, 273, 274, 274, 274, 274, 275, 275, 276, 278, 278, 279, 279, 279, 279, 280, 282, 283, 284, 284, 284, 284, 284, 286, 286, 287, 288, 288, 288, 289, 289, 289, 290, 291, 291, 291, 292, 292, 293, 294, 294, 295, 296, 297, 297, 298, 298, 298, 300]

Compression ratio: 0.34808743

--------------------------------------------------------------------------------
Original array: [213, 106, 172, 175, 138, 299, 92, 170, 114, 223, 203, 147, 112, 228, 176, 111, 100, 190, 104, 273, 258, 227, 53, 256, 62, 94, 12, 95, 46, 166, 198, 283, 68, 159, 277, 298, 179, 199, 285, 211, 67, 107, 205, 243, 85, 233, 271, 269, 144, 35, 201, 229, 138, 75, 42, 270, 258, 264, 116, 149, 221, 97, 3, 103, 114, 195, 259, 154, 208, 195, 111, 273, 191, 151, 158, 239, 165, 112, 269, 74, 280, 60, 289, 30, 25, 150, 233, 267, 28, 263, 71, 231, 286, 154, 276, 191, 123, 7, 158, 128, 238, 199, 71, 119, 100, 12, 86, 279, 232, 271, 148, 207, 69, 271, 206, 93, 214, 225, 74, 57, 55, 186, 2, 127, 277, 218, 102, 293, 10, 193, 203, 242, 1, 235, 27, 92, 166, 84, 248, 220, 36, 146, 194, 190, 297, 201, 289, 39, 6, 49, 93, 49, 200, 223, 299, 67, 31, 157, 37, 9, 230, 210, 297, 59, 32, 122, 266, 220, 93, 24, 52, 245, 136, 67, 279, 58, 32, 4, 80, 98, 198, 192, 112, 235, 180, 184, 97, 232, 292, 262, 99, 192, 261, 92, 24, 84, 132, 123, 140, 222, 41, 18, 129, 47, 125, 247, 290, 109, 230, 59, 59, 15, 98, 165, 104, 35, 204, 177, 53, 79, 256, 146, 111, 289, 200, 283, 198, 241, 19, 226, 36, 137, 99, 2, 157, 151, 144, 72, 125, 49, 160, 207, 28, 115, 46, 135, 288, 113, 11, 284, 105, 177, 102, 285, 269, 252, 147, 299, 115, 201, 43, 145, 147, 66, 210, 125, 236, 145, 189, 187, 91, 9, 121, 15, 135, 292, 146, 216, 57, 261, 133, 268, 153, 259, 11, 279, 105, 75, 260, 15, 280, 4, 72, 130, 77, 1, 62, 235, 149, 171, 207, 102, 258, 106, 178, 260, 258, 236, 279, 113, 253, 81, 47, 21, 209, 245, 221, 278, 6, 75, 257, 99, 155, 263, 79, 53, 40, 8, 18, 178, 246, 149, 208, 35, 203, 135, 158, 210, 189, 57, 293, 96, 110, 224, 294, 114, 135, 225, 83, 139, 205, 293, 154, 107, 44, 112, 237, 203, 176, 237, 54, 279, 220, 271, 136, 245, 267, 213, 267, 169, 245, 172, 285, 126, 200, 150, 134, 24, 196, 197, 261, 65, 255, 260, 132, 115, 84, 76, 223, 75, 164, 130, 111, 52, 158, 168, 133, 229, 289, 55, 179, 157, 83, 91, 289, 3, 247, 231, 217, 245, 35, 232, 8, 120, 165, 71, 91, 107, 155, 30, 189, 162, 30, 186, 280, 32, 154, 142, 148, 26, 282, 148, 54, 6, 233, 114, 225, 33, 31, 175, 137, 286, 90, 271, 96, 191, 295, 261, 268, 174, 104, 175, 166, 80, 150, 130, 175, 16, 150, 47, 72, 15, 274, 136, 204, 62, 154, 210, 165, 163, 134, 283, 232, 208, 185, 196, 177, 238, 227, 251, 166, 166, 268, 80, 190, 266, 8, 187, 192, 197, 185, 117, 176, 262, 43, 63, 168, 177, 65, 38, 174, 31, 66, 32, 155, 93, 293, 283, 190, 206, 295, 89, 246, 249, 96, 168, 161, 100, 201, 164, 193, 222, 212, 281, 39, 257, 186, 93, 13, 247, 31, 78, 233, 79, 102, 262, 19, 248, 38, 269, 169, 147, 73, 218, 151, 129, 231, 257, 46, 204, 87, 141, 44, 163, 96, 193, 84, 132, 184, 144, 202, 37, 34, 120, 237, 299, 299, 239, 108, 183, 205, 94, 94, 223, 93, 39, 97, 172, 13, 278, 53, 129, 250, 20, 173, 131, 77, 152, 69, 277, 131, 143, 15, 74, 139, 168, 192, 193, 243, 180, 189, 234, 244, 297, 181, 228, 3, 74, 190, 201, 262, 100, 277, 87, 23, 28, 24, 158, 254, 17, 70, 124, 193, 144, 209, 151, 12, 71, 252, 64, 17, 33, 262, 106, 98, 110, 149, 222, 92, 91, 122, 49, 102, 28, 62, 53, 16, 212, 71, 95, 52, 263, 71, 98, 67, 271, 200, 210, 285, 276, 202, 270, 253, 28, 295, 268, 247, 228, 275, 72, 113, 160, 38, 148, 271, 67, 287, 296, 261, 55, 98, 205, 42, 266, 212, 231, 95, 146, 17, 226, 111, 239, 280, 183, 136, 156, 33, 138, 249, 150, 251, 164, 140, 195, 242, 82, 206, 140, 40, 122, 263, 256, 248, 165, 214, 96, 157, 81, 14, 82, 289, 91, 81, 105, 274, 34, 144, 218, 60, 48, 231, 62, 103, 249, 65, 38, 160, 165, 266, 101, 166, 223, 289, 111, 274, 26, 201, 162, 167, 148, 125, 229, 86, 165, 233, 164, 251, 202, 178, 9, 86, 111, 49, 170, 222, 217, 122, 109, 139, 216, 114, 295, 22, 218, 63, 145, 67, 70, 170, 42, 230, 157, 247, 235, 174, 110, 147, 206, 138, 148, 163, 171, 113, 229, 159, 3, 96, 47, 46, 169, 260, 15, 54, 115, 222, 97, 110, 224, 250, 90, 251, 249, 237, 119, 112, 196, 56, 185, 273, 11, 188, 58, 178, 215, 76, 138, 230, 31, 85, 38, 126, 193, 297, 106, 270, 75, 266, 102, 217, 199, 23, 5, 278, 295, 175, 267, 202, 169, 140, 133, 70, 3, 181, 18, 240, 297, 62, 261, 289, 247, 256, 199, 216, 17, 122, 13, 95, 191, 125, 40, 184, 180, 181, 120, 74, 74, 231, 229, 111, 104, 54, 96, 171, 35, 172, 54, 185, 64, 210, 108, 129, 165, 130, 118, 153, 23, 172, 8, 15, 36, 255, 256, 55, 127, 137, 11, 107, 183, 72, 234, 55, 127, 278, 190, 69, 63, 279, 7, 160, 111, 174, 129, 8, 89, 3, 236, 219, 73, 261, 50, 137, 159, 68, 12, 259, 60, 87, 244, 19, 154, 18, 60, 8, 68, 263, 80, 176, 44, 261, 118, 18, 200, 16, 4, 297, 167, 275, 154, 247, 15, 108, 125, 185, 33, 16, 298, 68, 46, 103, 239, 269, 41, 52, 22, 239, 57, 25, 71, 158, 285, 289, 237, 107, 298, 60, 236, 207, 193, 137, 100, 100, 122, 248, 129, 121, 113, 4, 140, 158, 78]

Sorted array: [1, 1, 2, 2, 3, 3, 3, 3, 3, 3, 4, 4, 4, 4, 5, 6, 6, 6, 7, 7, 8, 8, 8, 8, 8, 8, 9, 9, 9, 10, 11, 11, 11, 11, 12, 12, 12, 12, 13, 13, 13, 14, 15, 15, 15, 15, 15, 15, 15, 15, 16, 16, 16, 16, 17, 17, 17, 17, 18, 18, 18, 18, 18, 19, 19, 19, 20, 21, 22, 22, 23, 23, 23, 24, 24, 24, 24, 25, 25, 26, 26, 27, 28, 28, 28, 28, 28, 30, 30, 30, 31, 31, 31, 31, 31, 32, 32, 32, 32, 33, 33, 33, 33, 34, 34, 35, 35, 35, 35, 35, 36, 36, 36, 37, 37, 38, 38, 38, 38, 38, 39, 39, 39, 40, 40, 40, 41, 41, 42, 42, 42, 43, 43, 44, 44, 44, 46, 46, 46, 46, 46, 47, 47, 47, 47, 48, 49, 49, 49, 49, 49, 50, 52, 52, 52, 52, 53, 53, 53, 53, 53, 54, 54, 54, 54, 54, 55, 55, 55, 55, 55, 56, 57, 57, 57, 57, 58, 58, 59, 59, 59, 60, 60, 60, 60, 60, 62, 62, 62, 62, 62, 62, 63, 63, 63, 64, 64, 65, 65, 65, 66, 66, 67, 67, 67, 67, 67, 67, 68, 68, 68, 68, 69, 69, 69, 70, 70, 70, 71, 71, 71, 71, 71, 71, 71, 72, 72, 72, 72, 72, 73, 73, 74, 74, 74, 74, 74, 74, 75, 75, 75, 75, 75, 76, 76, 77, 77, 78, 78, 79, 79, 79, 80, 80, 80, 80, 81, 81, 81, 82, 82, 83, 83, 84, 84, 84, 84, 85, 85, 86, 86, 86, 87, 87, 87, 89, 89, 90, 90, 91, 91, 91, 91, 91, 92, 92, 92, 92, 93, 93, 93, 93, 93, 93, 94, 94, 94, 95, 95, 95, 95, 96, 96, 96, 96, 96, 96, 96, 97, 97, 97, 97, 98, 98, 98, 98, 98, 99, 99, 99, 100, 100, 100, 100, 100, 100, 101, 102, 102, 102, 102, 102, 102, 103, 103, 103, 104, 104, 104, 104, 105, 105, 105, 106, 106, 106, 106, 107, 107, 107, 107, 107, 108, 108, 108, 109, 109, 110, 110, 110, 110, 111, 111, 111, 111, 111, 111, 111, 111, 111, 112, 112, 112, 112, 112, 113, 113, 113, 113, 113, 114, 114, 114, 114, 114, 115, 115, 115, 115, 116, 117, 118, 118, 119, 119, 120, 120, 120, 121, 121, 122, 122, 122, 122, 122, 122, 123, 123, 124, 125, 125, 125, 125, 125, 125, 126, 126, 127, 127, 127, 128, 129, 129, 129, 129, 129, 129, 130, 130, 130, 130, 131, 131, 132, 132, 132, 133, 133, 133, 134, 134, 135, 135, 135, 135, 136, 136, 136, 136, 137, 137, 137, 137, 137, 138, 138, 138, 138, 138, 139, 139, 139, 140, 140, 140, 140, 140, 141, 142, 143, 144, 144, 144, 144, 144, 145, 145, 145, 146, 146, 146, 146, 147, 147, 147, 147, 147, 148, 148, 148, 148, 148, 148, 149, 149, 149, 149, 150, 150, 150, 150, 150, 151, 151, 151, 151, 152, 153, 153, 154, 154, 154, 154, 154, 154, 154, 155, 155, 155, 156, 157, 157, 157, 157, 157, 158, 158, 158, 158, 158, 158, 158, 159, 159, 159, 160, 160, 160, 160, 161, 162, 162, 163, 163, 163, 164, 164, 164, 164, 165, 165, 165, 165, 165, 165, 165, 165, 166, 166, 166, 166, 166, 166, 167, 167, 168, 168, 168, 168, 169, 169, 169, 169, 170, 170, 170, 171, 171, 171, 172, 172, 172, 172, 172, 173, 174, 174, 174, 174, 175, 175, 175, 175, 175, 176, 176, 176, 176, 177, 177, 177, 177, 178, 178, 178, 178, 179, 179, 180, 180, 180, 181, 181, 181, 183, 183, 183, 184, 184, 184, 185, 185, 185, 185, 185, 186, 186, 186, 187, 187, 188, 189, 189, 189, 189, 190, 190, 190, 190, 190, 190, 191, 191, 191, 191, 192, 192, 192, 192, 193, 193, 193, 193, 193, 193, 193, 194, 195, 195, 195, 196, 196, 196, 197, 197, 198, 198, 198, 199, 199, 199, 199, 200, 200, 200, 200, 200, 201, 201, 201, 201, 201, 201, 202, 202, 202, 202, 203, 203, 203, 203, 204, 204, 204, 205, 205, 205, 205, 206, 206, 206, 206, 207, 207, 207, 207, 208, 208, 208, 209, 209, 210, 210, 210, 210, 210, 210, 211, 212, 212, 212, 213, 213, 214, 214, 215, 216, 216, 216, 217, 217, 217, 218, 218, 218, 218, 219, 220, 220, 220, 221, 221, 222, 222, 222, 222, 222, 223, 223, 223, 223, 223, 224, 224, 225, 225, 225, 226, 226, 227, 227, 228, 228, 228, 229, 229, 229, 229, 229, 230, 230, 230, 230, 231, 231, 231, 231, 231, 231, 232, 232, 232, 232, 233, 233, 233, 233, 233, 234, 234, 235, 235, 235, 235, 236, 236, 236, 236, 237, 237, 237, 237, 237, 238, 238, 239, 239, 239, 239, 239, 240, 241, 242, 242, 243, 243, 244, 244, 245, 245, 245, 245, 245, 246, 246, 247, 247, 247, 247, 247, 247, 247, 248, 248, 248, 248, 249, 249, 249, 249, 250, 250, 251, 251, 251, 251, 252, 252, 253, 253, 254, 255, 255, 256, 256, 256, 256, 256, 257, 257, 257, 258, 258, 258, 258, 259, 259, 259, 260, 260, 260, 260, 261, 261, 261, 261, 261, 261, 261, 261, 262, 262, 262, 262, 262, 263, 263, 263, 263, 263, 264, 266, 266, 266, 266, 266, 267, 267, 267, 267, 268, 268, 268, 268, 269, 269, 269, 269, 269, 270, 270, 270, 271, 271, 271, 271, 271, 271, 271, 273, 273, 273, 274, 274, 274, 275, 275, 276, 276, 277, 277, 277, 277, 278, 278, 278, 278, 279, 279, 279, 279, 279, 279, 280, 280, 280, 280, 281, 282, 283, 283, 283, 283, 284, 285, 285, 285, 285, 285, 286, 286, 287, 288, 289, 289, 289, 289, 289, 289, 289, 289, 289, 290, 292, 292, 293, 293, 293, 293, 294, 295, 295, 295, 295, 295, 296, 297, 297, 297, 297, 297, 297, 298, 298, 298, 299, 299, 299, 299, 299]

Simple serialization: "1,1,2,2,3,3,3,3,3,3,4,4,4,4,5,6,6,6,7,7,8,8,8,8,8,8,9,9,9,10,11,11,11,11,12,12,12,12,13,13,13,14,15,15,15,15,15,15,15,15,16,16,16,16,17,17,17,17,18,18,18,18,18,19,19,19,20,21,22,22,23,23,23,24,24,24,24,25,25,26,26,27,28,28,28,28,28,30,30,30,31,31,31,31,31,32,32,32,32,33,33,33,33,34,34,35,35,35,35,35,36,36,36,37,37,38,38,38,38,38,39,39,39,40,40,40,41,41,42,42,42,43,43,44,44,44,46,46,46,46,46,47,47,47,47,48,49,49,49,49,49,50,52,52,52,52,53,53,53,53,53,54,54,54,54,54,55,55,55,55,55,56,57,57,57,57,58,58,59,59,59,60,60,60,60,60,62,62,62,62,62,62,63,63,63,64,64,65,65,65,66,66,67,67,67,67,67,67,68,68,68,68,69,69,69,70,70,70,71,71,71,71,71,71,71,72,72,72,72,72,73,73,74,74,74,74,74,74,75,75,75,75,75,76,76,77,77,78,78,79,79,79,80,80,80,80,81,81,81,82,82,83,83,84,84,84,84,85,85,86,86,86,87,87,87,89,89,90,90,91,91,91,91,91,92,92,92,92,93,93,93,93,93,93,94,94,94,95,95,95,95,96,96,96,96,96,96,96,97,97,97,97,98,98,98,98,98,99,99,99,100,100,100,100,100,100,101,102,102,102,102,102,102,103,103,103,104,104,104,104,105,105,105,106,106,106,106,107,107,107,107,107,108,108,108,109,109,110,110,110,110,111,111,111,111,111,111,111,111,111,112,112,112,112,112,113,113,113,113,113,114,114,114,114,114,115,115,115,115,116,117,118,118,119,119,120,120,120,121,121,122,122,122,122,122,122,123,123,124,125,125,125,125,125,125,126,126,127,127,127,128,129,129,129,129,129,129,130,130,130,130,131,131,132,132,132,133,133,133,134,134,135,135,135,135,136,136,136,136,137,137,137,137,137,138,138,138,138,138,139,139,139,140,140,140,140,140,141,142,143,144,144,144,144,144,145,145,145,146,146,146,146,147,147,147,147,147,148,148,148,148,148,148,149,149,149,149,150,150,150,150,150,151,151,151,151,152,153,153,154,154,154,154,154,154,154,155,155,155,156,157,157,157,157,157,158,158,158,158,158,158,158,159,159,159,160,160,160,160,161,162,162,163,163,163,164,164,164,164,165,165,165,165,165,165,165,165,166,166,166,166,166,166,167,167,168,168,168,168,169,169,169,169,170,170,170,171,171,171,172,172,172,172,172,173,174,174,174,174,175,175,175,175,175,176,176,176,176,177,177,177,177,178,178,178,178,179,179,180,180,180,181,181,181,183,183,183,184,184,184,185,185,185,185,185,186,186,186,187,187,188,189,189,189,189,190,190,190,190,190,190,191,191,191,191,192,192,192,192,193,193,193,193,193,193,193,194,195,195,195,196,196,196,197,197,198,198,198,199,199,199,199,200,200,200,200,200,201,201,201,201,201,201,202,202,202,202,203,203,203,203,204,204,204,205,205,205,205,206,206,206,206,207,207,207,207,208,208,208,209,209,210,210,210,210,210,210,211,212,212,212,213,213,214,214,215,216,216,216,217,217,217,218,218,218,218,219,220,220,220,221,221,222,222,222,222,222,223,223,223,223,223,224,224,225,225,225,226,226,227,227,228,228,228,229,229,229,229,229,230,230,230,230,231,231,231,231,231,231,232,232,232,232,233,233,233,233,233,234,234,235,235,235,235,236,236,236,236,237,237,237,237,237,238,238,239,239,239,239,239,240,241,242,242,243,243,244,244,245,245,245,245,245,246,246,247,247,247,247,247,247,247,248,248,248,248,249,249,249,249,250,250,251,251,251,251,252,252,253,253,254,255,255,256,256,256,256,256,257,257,257,258,258,258,258,259,259,259,260,260,260,260,261,261,261,261,261,261,261,261,262,262,262,262,262,263,263,263,263,263,264,266,266,266,266,266,267,267,267,267,268,268,268,268,269,269,269,269,269,270,270,270,271,271,271,271,271,271,271,273,273,273,274,274,274,275,275,276,276,277,277,277,277,278,278,278,278,279,279,279,279,279,279,280,280,280,280,281,282,283,283,283,283,284,285,285,285,285,285,286,286,287,288,289,289,289,289,289,289,289,289,289,290,292,292,293,293,293,293,294,295,295,295,295,295,296,297,297,297,297,297,297,298,298,298,299,299,299,299,299"

Serialization with compression: "1*2,1*2,*6,*4,,*3,*2,*6,*3,,*4,*4,*3,,*8,*4,*4,*5,*3,,,*2,*3,*4,*2,*2,,*5,2*3,1*5,*4,*4,*2,*5,*3,*2,*5,*3,*3,*2,*3,*2,*3,2*5,1*4,,*5,,2*4,1*5,*5,*5,,*4,*2,*3,*5,2*6,1*3,*2,*3,*2,*6,*4,*3,*3,*7,*5,*2,*6,*5,*2,*2,*2,*3,*4,*3,*2,*2,*4,*2,*3,*3,2*2,1*2,*5,*4,*6,*3,*4,*7,*4,*5,*3,*6,,*6,*3,*4,*3,*4,*5,*3,*2,*4,*9,*5,*5,*5,*4,,,*2,*2,*3,*2,*6,*2,,*6,*2,*3,,*6,*4,*2,*3,*3,*2,*4,*4,*5,*5,*3,*5,,,,*5,*3,*4,*5,*6,*4,*5,*4,,*2,*7,*3,,*5,*7,*3,*4,,*2,*3,*4,*8,*6,*2,*4,*4,*3,*3,*5,,*4,*5,*4,*4,*4,*2,*3,*3,2*3,1*3,*5,*3,*2,,*4,*6,*4,*4,*7,,*3,*3,*2,*3,*4,*5,*6,*4,*4,*3,*4,*4,*4,*3,*2,*6,,*3,*2,*2,,*3,*3,*4,,*3,*2,*5,*5,*2,*3,*2,*2,*3,*5,*4,*6,*4,*5,*2,*4,*4,*5,*2,*5,,,*2,*2,*2,*5,*2,*7,*4,*4,*2,*4,*2,*2,,*2,*5,*3,*4,*3,*4,*8,*5,*5,,2*5,1*4,*4,*5,*3,*7,2*3,1*3,*2,*2,*4,*4,*6,*4,,,*4,,*5,*2,,,*9,,2*2,1*4,,*5,,*6,*3,*5"

Deserialized array: [1, 1, 2, 2, 3, 3, 3, 3, 3, 3, 4, 4, 4, 4, 5, 6, 6, 6, 7, 7, 8, 8, 8, 8, 8, 8, 9, 9, 9, 10, 11, 11, 11, 11, 12, 12, 12, 12, 13, 13, 13, 14, 15, 15, 15, 15, 15, 15, 15, 15, 16, 16, 16, 16, 17, 17, 17, 17, 18, 18, 18, 18, 18, 19, 19, 19, 20, 21, 22, 22, 23, 23, 23, 24, 24, 24, 24, 25, 25, 26, 26, 27, 28, 28, 28, 28, 28, 30, 30, 30, 31, 31, 31, 31, 31, 32, 32, 32, 32, 33, 33, 33, 33, 34, 34, 35, 35, 35, 35, 35, 36, 36, 36, 37, 37, 38, 38, 38, 38, 38, 39, 39, 39, 40, 40, 40, 41, 41, 42, 42, 42, 43, 43, 44, 44, 44, 46, 46, 46, 46, 46, 47, 47, 47, 47, 48, 49, 49, 49, 49, 49, 50, 52, 52, 52, 52, 53, 53, 53, 53, 53, 54, 54, 54, 54, 54, 55, 55, 55, 55, 55, 56, 57, 57, 57, 57, 58, 58, 59, 59, 59, 60, 60, 60, 60, 60, 62, 62, 62, 62, 62, 62, 63, 63, 63, 64, 64, 65, 65, 65, 66, 66, 67, 67, 67, 67, 67, 67, 68, 68, 68, 68, 69, 69, 69, 70, 70, 70, 71, 71, 71, 71, 71, 71, 71, 72, 72, 72, 72, 72, 73, 73, 74, 74, 74, 74, 74, 74, 75, 75, 75, 75, 75, 76, 76, 77, 77, 78, 78, 79, 79, 79, 80, 80, 80, 80, 81, 81, 81, 82, 82, 83, 83, 84, 84, 84, 84, 85, 85, 86, 86, 86, 87, 87, 87, 89, 89, 90, 90, 91, 91, 91, 91, 91, 92, 92, 92, 92, 93, 93, 93, 93, 93, 93, 94, 94, 94, 95, 95, 95, 95, 96, 96, 96, 96, 96, 96, 96, 97, 97, 97, 97, 98, 98, 98, 98, 98, 99, 99, 99, 100, 100, 100, 100, 100, 100, 101, 102, 102, 102, 102, 102, 102, 103, 103, 103, 104, 104, 104, 104, 105, 105, 105, 106, 106, 106, 106, 107, 107, 107, 107, 107, 108, 108, 108, 109, 109, 110, 110, 110, 110, 111, 111, 111, 111, 111, 111, 111, 111, 111, 112, 112, 112, 112, 112, 113, 113, 113, 113, 113, 114, 114, 114, 114, 114, 115, 115, 115, 115, 116, 117, 118, 118, 119, 119, 120, 120, 120, 121, 121, 122, 122, 122, 122, 122, 122, 123, 123, 124, 125, 125, 125, 125, 125, 125, 126, 126, 127, 127, 127, 128, 129, 129, 129, 129, 129, 129, 130, 130, 130, 130, 131, 131, 132, 132, 132, 133, 133, 133, 134, 134, 135, 135, 135, 135, 136, 136, 136, 136, 137, 137, 137, 137, 137, 138, 138, 138, 138, 138, 139, 139, 139, 140, 140, 140, 140, 140, 141, 142, 143, 144, 144, 144, 144, 144, 145, 145, 145, 146, 146, 146, 146, 147, 147, 147, 147, 147, 148, 148, 148, 148, 148, 148, 149, 149, 149, 149, 150, 150, 150, 150, 150, 151, 151, 151, 151, 152, 153, 153, 154, 154, 154, 154, 154, 154, 154, 155, 155, 155, 156, 157, 157, 157, 157, 157, 158, 158, 158, 158, 158, 158, 158, 159, 159, 159, 160, 160, 160, 160, 161, 162, 162, 163, 163, 163, 164, 164, 164, 164, 165, 165, 165, 165, 165, 165, 165, 165, 166, 166, 166, 166, 166, 166, 167, 167, 168, 168, 168, 168, 169, 169, 169, 169, 170, 170, 170, 171, 171, 171, 172, 172, 172, 172, 172, 173, 174, 174, 174, 174, 175, 175, 175, 175, 175, 176, 176, 176, 176, 177, 177, 177, 177, 178, 178, 178, 178, 179, 179, 180, 180, 180, 181, 181, 181, 183, 183, 183, 184, 184, 184, 185, 185, 185, 185, 185, 186, 186, 186, 187, 187, 188, 189, 189, 189, 189, 190, 190, 190, 190, 190, 190, 191, 191, 191, 191, 192, 192, 192, 192, 193, 193, 193, 193, 193, 193, 193, 194, 195, 195, 195, 196, 196, 196, 197, 197, 198, 198, 198, 199, 199, 199, 199, 200, 200, 200, 200, 200, 201, 201, 201, 201, 201, 201, 202, 202, 202, 202, 203, 203, 203, 203, 204, 204, 204, 205, 205, 205, 205, 206, 206, 206, 206, 207, 207, 207, 207, 208, 208, 208, 209, 209, 210, 210, 210, 210, 210, 210, 211, 212, 212, 212, 213, 213, 214, 214, 215, 216, 216, 216, 217, 217, 217, 218, 218, 218, 218, 219, 220, 220, 220, 221, 221, 222, 222, 222, 222, 222, 223, 223, 223, 223, 223, 224, 224, 225, 225, 225, 226, 226, 227, 227, 228, 228, 228, 229, 229, 229, 229, 229, 230, 230, 230, 230, 231, 231, 231, 231, 231, 231, 232, 232, 232, 232, 233, 233, 233, 233, 233, 234, 234, 235, 235, 235, 235, 236, 236, 236, 236, 237, 237, 237, 237, 237, 238, 238, 239, 239, 239, 239, 239, 240, 241, 242, 242, 243, 243, 244, 244, 245, 245, 245, 245, 245, 246, 246, 247, 247, 247, 247, 247, 247, 247, 248, 248, 248, 248, 249, 249, 249, 249, 250, 250, 251, 251, 251, 251, 252, 252, 253, 253, 254, 255, 255, 256, 256, 256, 256, 256, 257, 257, 257, 258, 258, 258, 258, 259, 259, 259, 260, 260, 260, 260, 261, 261, 261, 261, 261, 261, 261, 261, 262, 262, 262, 262, 262, 263, 263, 263, 263, 263, 264, 266, 266, 266, 266, 266, 267, 267, 267, 267, 268, 268, 268, 268, 269, 269, 269, 269, 269, 270, 270, 270, 271, 271, 271, 271, 271, 271, 271, 273, 273, 273, 274, 274, 274, 275, 275, 276, 276, 277, 277, 277, 277, 278, 278, 278, 278, 279, 279, 279, 279, 279, 279, 280, 280, 280, 280, 281, 282, 283, 283, 283, 283, 284, 285, 285, 285, 285, 285, 286, 286, 287, 288, 289, 289, 289, 289, 289, 289, 289, 289, 289, 290, 292, 292, 293, 293, 293, 293, 294, 295, 295, 295, 295, 295, 296, 297, 297, 297, 297, 297, 297, 298, 298, 298, 299, 299, 299, 299, 299]

Compression ratio: 0.22273973

--------------------------------------------------------------------------------
Original array: [1, 2, 3, 4, 5, 6, 7, 8, 9]

Sorted array: [1, 2, 3, 4, 5, 6, 7, 8, 9]

Simple serialization: "1,2,3,4,5,6,7,8,9"

Serialization with compression: "1,1,,,,,,,"

Deserialized array: [1, 2, 3, 4, 5, 6, 7, 8, 9]

Compression ratio: 0.5882353

--------------------------------------------------------------------------------
Original array: [10, 11, 12, 13, 14, 15, 16, 17, 18, 19, 20, 21, 22, 23, 24, 25, 26, 27, 28, 29, 30, 31, 32, 33, 34, 35, 36, 37, 38, 39, 40, 41, 42, 43, 44, 45, 46, 47, 48, 49, 50, 51, 52, 53, 54, 55, 56, 57, 58, 59, 60, 61, 62, 63, 64, 65, 66, 67, 68, 69, 70, 71, 72, 73, 74, 75, 76, 77, 78, 79, 80, 81, 82, 83, 84, 85, 86, 87, 88, 89, 90, 91, 92, 93, 94, 95, 96, 97, 98, 99]

Sorted array: [10, 11, 12, 13, 14, 15, 16, 17, 18, 19, 20, 21, 22, 23, 24, 25, 26, 27, 28, 29, 30, 31, 32, 33, 34, 35, 36, 37, 38, 39, 40, 41, 42, 43, 44, 45, 46, 47, 48, 49, 50, 51, 52, 53, 54, 55, 56, 57, 58, 59, 60, 61, 62, 63, 64, 65, 66, 67, 68, 69, 70, 71, 72, 73, 74, 75, 76, 77, 78, 79, 80, 81, 82, 83, 84, 85, 86, 87, 88, 89, 90, 91, 92, 93, 94, 95, 96, 97, 98, 99]

Simple serialization: "10,11,12,13,14,15,16,17,18,19,20,21,22,23,24,25,26,27,28,29,30,31,32,33,34,35,36,37,38,39,40,41,42,43,44,45,46,47,48,49,50,51,52,53,54,55,56,57,58,59,60,61,62,63,64,65,66,67,68,69,70,71,72,73,74,75,76,77,78,79,80,81,82,83,84,85,86,87,88,89,90,91,92,93,94,95,96,97,98,99"

Serialization with compression: "10,1,,,,,,,,,,,,,,,,,,,,,,,,,,,,,,,,,,,,,,,,,,,,,,,,,,,,,,,,,,,,,,,,,,,,,,,,,,,,,,,,,,,,,,,,"

Deserialized array: [10, 11, 12, 13, 14, 15, 16, 17, 18, 19, 20, 21, 22, 23, 24, 25, 26, 27, 28, 29, 30, 31, 32, 33, 34, 35, 36, 37, 38, 39, 40, 41, 42, 43, 44, 45, 46, 47, 48, 49, 50, 51, 52, 53, 54, 55, 56, 57, 58, 59, 60, 61, 62, 63, 64, 65, 66, 67, 68, 69, 70, 71, 72, 73, 74, 75, 76, 77, 78, 79, 80, 81, 82, 83, 84, 85, 86, 87, 88, 89, 90, 91, 92, 93, 94, 95, 96, 97, 98, 99]

Compression ratio: 0.34200743

--------------------------------------------------------------------------------
Original array: [100, 101, 102, 103, 104, 105, 106, 107, 108, 109, 110, 111, 112, 113, 114, 115, 116, 117, 118, 119, 120, 121, 122, 123, 124, 125, 126, 127, 128, 129, 130, 131, 132, 133, 134, 135, 136, 137, 138, 139, 140, 141, 142, 143, 144, 145, 146, 147, 148, 149, 150, 151, 152, 153, 154, 155, 156, 157, 158, 159, 160, 161, 162, 163, 164, 165, 166, 167, 168, 169, 170, 171, 172, 173, 174, 175, 176, 177, 178, 179, 180, 181, 182, 183, 184, 185, 186, 187, 188, 189, 190, 191, 192, 193, 194, 195, 196, 197, 198, 199, 200, 201, 202, 203, 204, 205, 206, 207, 208, 209, 210, 211, 212, 213, 214, 215, 216, 217, 218, 219, 220, 221, 222, 223, 224, 225, 226, 227, 228, 229, 230, 231, 232, 233, 234, 235, 236, 237, 238, 239, 240, 241, 242, 243, 244, 245, 246, 247, 248, 249, 250, 251, 252, 253, 254, 255, 256, 257, 258, 259, 260, 261, 262, 263, 264, 265, 266, 267, 268, 269, 270, 271, 272, 273, 274, 275, 276, 277, 278, 279, 280, 281, 282, 283, 284, 285, 286, 287, 288, 289, 290, 291, 292, 293, 294, 295, 296, 297, 298, 299, 300]

Sorted array: [100, 101, 102, 103, 104, 105, 106, 107, 108, 109, 110, 111, 112, 113, 114, 115, 116, 117, 118, 119, 120, 121, 122, 123, 124, 125, 126, 127, 128, 129, 130, 131, 132, 133, 134, 135, 136, 137, 138, 139, 140, 141, 142, 143, 144, 145, 146, 147, 148, 149, 150, 151, 152, 153, 154, 155, 156, 157, 158, 159, 160, 161, 162, 163, 164, 165, 166, 167, 168, 169, 170, 171, 172, 173, 174, 175, 176, 177, 178, 179, 180, 181, 182, 183, 184, 185, 186, 187, 188, 189, 190, 191, 192, 193, 194, 195, 196, 197, 198, 199, 200, 201, 202, 203, 204, 205, 206, 207, 208, 209, 210, 211, 212, 213, 214, 215, 216, 217, 218, 219, 220, 221, 222, 223, 224, 225, 226, 227, 228, 229, 230, 231, 232, 233, 234, 235, 236, 237, 238, 239, 240, 241, 242, 243, 244, 245, 246, 247, 248, 249, 250, 251, 252, 253, 254, 255, 256, 257, 258, 259, 260, 261, 262, 263, 264, 265, 266, 267, 268, 269, 270, 271, 272, 273, 274, 275, 276, 277, 278, 279, 280, 281, 282, 283, 284, 285, 286, 287, 288, 289, 290, 291, 292, 293, 294, 295, 296, 297, 298, 299, 300]

Simple serialization: "100,101,102,103,104,105,106,107,108,109,110,111,112,113,114,115,116,117,118,119,120,121,122,123,124,125,126,127,128,129,130,131,132,133,134,135,136,137,138,139,140,141,142,143,144,145,146,147,148,149,150,151,152,153,154,155,156,157,158,159,160,161,162,163,164,165,166,167,168,169,170,171,172,173,174,175,176,177,178,179,180,181,182,183,184,185,186,187,188,189,190,191,192,193,194,195,196,197,198,199,200,201,202,203,204,205,206,207,208,209,210,211,212,213,214,215,216,217,218,219,220,221,222,223,224,225,226,227,228,229,230,231,232,233,234,235,236,237,238,239,240,241,242,243,244,245,246,247,248,249,250,251,252,253,254,255,256,257,258,259,260,261,262,263,264,265,266,267,268,269,270,271,272,273,274,275,276,277,278,279,280,281,282,283,284,285,286,287,288,289,290,291,292,293,294,295,296,297,298,299,300"

Serialization with compression: "100,1,,,,,,,,,,,,,,,,,,,,,,,,,,,,,,,,,,,,,,,,,,,,,,,,,,,,,,,,,,,,,,,,,,,,,,,,,,,,,,,,,,,,,,,,,,,,,,,,,,,,,,,,,,,,,,,,,,,,,,,,,,,,,,,,,,,,,,,,,,,,,,,,,,,,,,,,,,,,,,,,,,,,,,,,,,,,,,,,,,,,,,,,,,,,,,,,,,,,,,,"

Deserialized array: [100, 101, 102, 103, 104, 105, 106, 107, 108, 109, 110, 111, 112, 113, 114, 115, 116, 117, 118, 119, 120, 121, 122, 123, 124, 125, 126, 127, 128, 129, 130, 131, 132, 133, 134, 135, 136, 137, 138, 139, 140, 141, 142, 143, 144, 145, 146, 147, 148, 149, 150, 151, 152, 153, 154, 155, 156, 157, 158, 159, 160, 161, 162, 163, 164, 165, 166, 167, 168, 169, 170, 171, 172, 173, 174, 175, 176, 177, 178, 179, 180, 181, 182, 183, 184, 185, 186, 187, 188, 189, 190, 191, 192, 193, 194, 195, 196, 197, 198, 199, 200, 201, 202, 203, 204, 205, 206, 207, 208, 209, 210, 211, 212, 213, 214, 215, 216, 217, 218, 219, 220, 221, 222, 223, 224, 225, 226, 227, 228, 229, 230, 231, 232, 233, 234, 235, 236, 237, 238, 239, 240, 241, 242, 243, 244, 245, 246, 247, 248, 249, 250, 251, 252, 253, 254, 255, 256, 257, 258, 259, 260, 261, 262, 263, 264, 265, 266, 267, 268, 269, 270, 271, 272, 273, 274, 275, 276, 277, 278, 279, 280, 281, 282, 283, 284, 285, 286, 287, 288, 289, 290, 291, 292, 293, 294, 295, 296, 297, 298, 299, 300]

Compression ratio: 0.25404733

--------------------------------------------------------------------------------
Original array: [1, 1, 1, 2, 2, 2, 3, 3, 3, 4, 4, 4, 5, 5, 5, 6, 6, 6, 7, 7, 7, 8, 8, 8, 9, 9, 9, 10, 10, 10, 11, 11, 11, 12, 12, 12, 13, 13, 13, 14, 14, 14, 15, 15, 15, 16, 16, 16, 17, 17, 17, 18, 18, 18, 19, 19, 19, 20, 20, 20, 21, 21, 21, 22, 22, 22, 23, 23, 23, 24, 24, 24, 25, 25, 25, 26, 26, 26, 27, 27, 27, 28, 28, 28, 29, 29, 29, 30, 30, 30, 31, 31, 31, 32, 32, 32, 33, 33, 33, 34, 34, 34, 35, 35, 35, 36, 36, 36, 37, 37, 37, 38, 38, 38, 39, 39, 39, 40, 40, 40, 41, 41, 41, 42, 42, 42, 43, 43, 43, 44, 44, 44, 45, 45, 45, 46, 46, 46, 47, 47, 47, 48, 48, 48, 49, 49, 49, 50, 50, 50, 51, 51, 51, 52, 52, 52, 53, 53, 53, 54, 54, 54, 55, 55, 55, 56, 56, 56, 57, 57, 57, 58, 58, 58, 59, 59, 59, 60, 60, 60, 61, 61, 61, 62, 62, 62, 63, 63, 63, 64, 64, 64, 65, 65, 65, 66, 66, 66, 67, 67, 67, 68, 68, 68, 69, 69, 69, 70, 70, 70, 71, 71, 71, 72, 72, 72, 73, 73, 73, 74, 74, 74, 75, 75, 75, 76, 76, 76, 77, 77, 77, 78, 78, 78, 79, 79, 79, 80, 80, 80, 81, 81, 81, 82, 82, 82, 83, 83, 83, 84, 84, 84, 85, 85, 85, 86, 86, 86, 87, 87, 87, 88, 88, 88, 89, 89, 89, 90, 90, 90, 91, 91, 91, 92, 92, 92, 93, 93, 93, 94, 94, 94, 95, 95, 95, 96, 96, 96, 97, 97, 97, 98, 98, 98, 99, 99, 99, 100, 100, 100, 101, 101, 101, 102, 102, 102, 103, 103, 103, 104, 104, 104, 105, 105, 105, 106, 106, 106, 107, 107, 107, 108, 108, 108, 109, 109, 109, 110, 110, 110, 111, 111, 111, 112, 112, 112, 113, 113, 113, 114, 114, 114, 115, 115, 115, 116, 116, 116, 117, 117, 117, 118, 118, 118, 119, 119, 119, 120, 120, 120, 121, 121, 121, 122, 122, 122, 123, 123, 123, 124, 124, 124, 125, 125, 125, 126, 126, 126, 127, 127, 127, 128, 128, 128, 129, 129, 129, 130, 130, 130, 131, 131, 131, 132, 132, 132, 133, 133, 133, 134, 134, 134, 135, 135, 135, 136, 136, 136, 137, 137, 137, 138, 138, 138, 139, 139, 139, 140, 140, 140, 141, 141, 141, 142, 142, 142, 143, 143, 143, 144, 144, 144, 145, 145, 145, 146, 146, 146, 147, 147, 147, 148, 148, 148, 149, 149, 149, 150, 150, 150, 151, 151, 151, 152, 152, 152, 153, 153, 153, 154, 154, 154, 155, 155, 155, 156, 156, 156, 157, 157, 157, 158, 158, 158, 159, 159, 159, 160, 160, 160, 161, 161, 161, 162, 162, 162, 163, 163, 163, 164, 164, 164, 165, 165, 165, 166, 166, 166, 167, 167, 167, 168, 168, 168, 169, 169, 169, 170, 170, 170, 171, 171, 171, 172, 172, 172, 173, 173, 173, 174, 174, 174, 175, 175, 175, 176, 176, 176, 177, 177, 177, 178, 178, 178, 179, 179, 179, 180, 180, 180, 181, 181, 181, 182, 182, 182, 183, 183, 183, 184, 184, 184, 185, 185, 185, 186, 186, 186, 187, 187, 187, 188, 188, 188, 189, 189, 189, 190, 190, 190, 191, 191, 191, 192, 192, 192, 193, 193, 193, 194, 194, 194, 195, 195, 195, 196, 196, 196, 197, 197, 197, 198, 198, 198, 199, 199, 199, 200, 200, 200, 201, 201, 201, 202, 202, 202, 203, 203, 203, 204, 204, 204, 205, 205, 205, 206, 206, 206, 207, 207, 207, 208, 208, 208, 209, 209, 209, 210, 210, 210, 211, 211, 211, 212, 212, 212, 213, 213, 213, 214, 214, 214, 215, 215, 215, 216, 216, 216, 217, 217, 217, 218, 218, 218, 219, 219, 219, 220, 220, 220, 221, 221, 221, 222, 222, 222, 223, 223, 223, 224, 224, 224, 225, 225, 225, 226, 226, 226, 227, 227, 227, 228, 228, 228, 229, 229, 229, 230, 230, 230, 231, 231, 231, 232, 232, 232, 233, 233, 233, 234, 234, 234, 235, 235, 235, 236, 236, 236, 237, 237, 237, 238, 238, 238, 239, 239, 239, 240, 240, 240, 241, 241, 241, 242, 242, 242, 243, 243, 243, 244, 244, 244, 245, 245, 245, 246, 246, 246, 247, 247, 247, 248, 248, 248, 249, 249, 249, 250, 250, 250, 251, 251, 251, 252, 252, 252, 253, 253, 253, 254, 254, 254, 255, 255, 255, 256, 256, 256, 257, 257, 257, 258, 258, 258, 259, 259, 259, 260, 260, 260, 261, 261, 261, 262, 262, 262, 263, 263, 263, 264, 264, 264, 265, 265, 265, 266, 266, 266, 267, 267, 267, 268, 268, 268, 269, 269, 269, 270, 270, 270, 271, 271, 271, 272, 272, 272, 273, 273, 273, 274, 274, 274, 275, 275, 275, 276, 276, 276, 277, 277, 277, 278, 278, 278, 279, 279, 279, 280, 280, 280, 281, 281, 281, 282, 282, 282, 283, 283, 283, 284, 284, 284, 285, 285, 285, 286, 286, 286, 287, 287, 287, 288, 288, 288, 289, 289, 289, 290, 290, 290, 291, 291, 291, 292, 292, 292, 293, 293, 293, 294, 294, 294, 295, 295, 295, 296, 296, 296, 297, 297, 297, 298, 298, 298, 299, 299, 299, 300, 300, 300]

Sorted array: [1, 1, 1, 2, 2, 2, 3, 3, 3, 4, 4, 4, 5, 5, 5, 6, 6, 6, 7, 7, 7, 8, 8, 8, 9, 9, 9, 10, 10, 10, 11, 11, 11, 12, 12, 12, 13, 13, 13, 14, 14, 14, 15, 15, 15, 16, 16, 16, 17, 17, 17, 18, 18, 18, 19, 19, 19, 20, 20, 20, 21, 21, 21, 22, 22, 22, 23, 23, 23, 24, 24, 24, 25, 25, 25, 26, 26, 26, 27, 27, 27, 28, 28, 28, 29, 29, 29, 30, 30, 30, 31, 31, 31, 32, 32, 32, 33, 33, 33, 34, 34, 34, 35, 35, 35, 36, 36, 36, 37, 37, 37, 38, 38, 38, 39, 39, 39, 40, 40, 40, 41, 41, 41, 42, 42, 42, 43, 43, 43, 44, 44, 44, 45, 45, 45, 46, 46, 46, 47, 47, 47, 48, 48, 48, 49, 49, 49, 50, 50, 50, 51, 51, 51, 52, 52, 52, 53, 53, 53, 54, 54, 54, 55, 55, 55, 56, 56, 56, 57, 57, 57, 58, 58, 58, 59, 59, 59, 60, 60, 60, 61, 61, 61, 62, 62, 62, 63, 63, 63, 64, 64, 64, 65, 65, 65, 66, 66, 66, 67, 67, 67, 68, 68, 68, 69, 69, 69, 70, 70, 70, 71, 71, 71, 72, 72, 72, 73, 73, 73, 74, 74, 74, 75, 75, 75, 76, 76, 76, 77, 77, 77, 78, 78, 78, 79, 79, 79, 80, 80, 80, 81, 81, 81, 82, 82, 82, 83, 83, 83, 84, 84, 84, 85, 85, 85, 86, 86, 86, 87, 87, 87, 88, 88, 88, 89, 89, 89, 90, 90, 90, 91, 91, 91, 92, 92, 92, 93, 93, 93, 94, 94, 94, 95, 95, 95, 96, 96, 96, 97, 97, 97, 98, 98, 98, 99, 99, 99, 100, 100, 100, 101, 101, 101, 102, 102, 102, 103, 103, 103, 104, 104, 104, 105, 105, 105, 106, 106, 106, 107, 107, 107, 108, 108, 108, 109, 109, 109, 110, 110, 110, 111, 111, 111, 112, 112, 112, 113, 113, 113, 114, 114, 114, 115, 115, 115, 116, 116, 116, 117, 117, 117, 118, 118, 118, 119, 119, 119, 120, 120, 120, 121, 121, 121, 122, 122, 122, 123, 123, 123, 124, 124, 124, 125, 125, 125, 126, 126, 126, 127, 127, 127, 128, 128, 128, 129, 129, 129, 130, 130, 130, 131, 131, 131, 132, 132, 132, 133, 133, 133, 134, 134, 134, 135, 135, 135, 136, 136, 136, 137, 137, 137, 138, 138, 138, 139, 139, 139, 140, 140, 140, 141, 141, 141, 142, 142, 142, 143, 143, 143, 144, 144, 144, 145, 145, 145, 146, 146, 146, 147, 147, 147, 148, 148, 148, 149, 149, 149, 150, 150, 150, 151, 151, 151, 152, 152, 152, 153, 153, 153, 154, 154, 154, 155, 155, 155, 156, 156, 156, 157, 157, 157, 158, 158, 158, 159, 159, 159, 160, 160, 160, 161, 161, 161, 162, 162, 162, 163, 163, 163, 164, 164, 164, 165, 165, 165, 166, 166, 166, 167, 167, 167, 168, 168, 168, 169, 169, 169, 170, 170, 170, 171, 171, 171, 172, 172, 172, 173, 173, 173, 174, 174, 174, 175, 175, 175, 176, 176, 176, 177, 177, 177, 178, 178, 178, 179, 179, 179, 180, 180, 180, 181, 181, 181, 182, 182, 182, 183, 183, 183, 184, 184, 184, 185, 185, 185, 186, 186, 186, 187, 187, 187, 188, 188, 188, 189, 189, 189, 190, 190, 190, 191, 191, 191, 192, 192, 192, 193, 193, 193, 194, 194, 194, 195, 195, 195, 196, 196, 196, 197, 197, 197, 198, 198, 198, 199, 199, 199, 200, 200, 200, 201, 201, 201, 202, 202, 202, 203, 203, 203, 204, 204, 204, 205, 205, 205, 206, 206, 206, 207, 207, 207, 208, 208, 208, 209, 209, 209, 210, 210, 210, 211, 211, 211, 212, 212, 212, 213, 213, 213, 214, 214, 214, 215, 215, 215, 216, 216, 216, 217, 217, 217, 218, 218, 218, 219, 219, 219, 220, 220, 220, 221, 221, 221, 222, 222, 222, 223, 223, 223, 224, 224, 224, 225, 225, 225, 226, 226, 226, 227, 227, 227, 228, 228, 228, 229, 229, 229, 230, 230, 230, 231, 231, 231, 232, 232, 232, 233, 233, 233, 234, 234, 234, 235, 235, 235, 236, 236, 236, 237, 237, 237, 238, 238, 238, 239, 239, 239, 240, 240, 240, 241, 241, 241, 242, 242, 242, 243, 243, 243, 244, 244, 244, 245, 245, 245, 246, 246, 246, 247, 247, 247, 248, 248, 248, 249, 249, 249, 250, 250, 250, 251, 251, 251, 252, 252, 252, 253, 253, 253, 254, 254, 254, 255, 255, 255, 256, 256, 256, 257, 257, 257, 258, 258, 258, 259, 259, 259, 260, 260, 260, 261, 261, 261, 262, 262, 262, 263, 263, 263, 264, 264, 264, 265, 265, 265, 266, 266, 266, 267, 267, 267, 268, 268, 268, 269, 269, 269, 270, 270, 270, 271, 271, 271, 272, 272, 272, 273, 273, 273, 274, 274, 274, 275, 275, 275, 276, 276, 276, 277, 277, 277, 278, 278, 278, 279, 279, 279, 280, 280, 280, 281, 281, 281, 282, 282, 282, 283, 283, 283, 284, 284, 284, 285, 285, 285, 286, 286, 286, 287, 287, 287, 288, 288, 288, 289, 289, 289, 290, 290, 290, 291, 291, 291, 292, 292, 292, 293, 293, 293, 294, 294, 294, 295, 295, 295, 296, 296, 296, 297, 297, 297, 298, 298, 298, 299, 299, 299, 300, 300, 300]

Simple serialization: "1,1,1,2,2,2,3,3,3,4,4,4,5,5,5,6,6,6,7,7,7,8,8,8,9,9,9,10,10,10,11,11,11,12,12,12,13,13,13,14,14,14,15,15,15,16,16,16,17,17,17,18,18,18,19,19,19,20,20,20,21,21,21,22,22,22,23,23,23,24,24,24,25,25,25,26,26,26,27,27,27,28,28,28,29,29,29,30,30,30,31,31,31,32,32,32,33,33,33,34,34,34,35,35,35,36,36,36,37,37,37,38,38,38,39,39,39,40,40,40,41,41,41,42,42,42,43,43,43,44,44,44,45,45,45,46,46,46,47,47,47,48,48,48,49,49,49,50,50,50,51,51,51,52,52,52,53,53,53,54,54,54,55,55,55,56,56,56,57,57,57,58,58,58,59,59,59,60,60,60,61,61,61,62,62,62,63,63,63,64,64,64,65,65,65,66,66,66,67,67,67,68,68,68,69,69,69,70,70,70,71,71,71,72,72,72,73,73,73,74,74,74,75,75,75,76,76,76,77,77,77,78,78,78,79,79,79,80,80,80,81,81,81,82,82,82,83,83,83,84,84,84,85,85,85,86,86,86,87,87,87,88,88,88,89,89,89,90,90,90,91,91,91,92,92,92,93,93,93,94,94,94,95,95,95,96,96,96,97,97,97,98,98,98,99,99,99,100,100,100,101,101,101,102,102,102,103,103,103,104,104,104,105,105,105,106,106,106,107,107,107,108,108,108,109,109,109,110,110,110,111,111,111,112,112,112,113,113,113,114,114,114,115,115,115,116,116,116,117,117,117,118,118,118,119,119,119,120,120,120,121,121,121,122,122,122,123,123,123,124,124,124,125,125,125,126,126,126,127,127,127,128,128,128,129,129,129,130,130,130,131,131,131,132,132,132,133,133,133,134,134,134,135,135,135,136,136,136,137,137,137,138,138,138,139,139,139,140,140,140,141,141,141,142,142,142,143,143,143,144,144,144,145,145,145,146,146,146,147,147,147,148,148,148,149,149,149,150,150,150,151,151,151,152,152,152,153,153,153,154,154,154,155,155,155,156,156,156,157,157,157,158,158,158,159,159,159,160,160,160,161,161,161,162,162,162,163,163,163,164,164,164,165,165,165,166,166,166,167,167,167,168,168,168,169,169,169,170,170,170,171,171,171,172,172,172,173,173,173,174,174,174,175,175,175,176,176,176,177,177,177,178,178,178,179,179,179,180,180,180,181,181,181,182,182,182,183,183,183,184,184,184,185,185,185,186,186,186,187,187,187,188,188,188,189,189,189,190,190,190,191,191,191,192,192,192,193,193,193,194,194,194,195,195,195,196,196,196,197,197,197,198,198,198,199,199,199,200,200,200,201,201,201,202,202,202,203,203,203,204,204,204,205,205,205,206,206,206,207,207,207,208,208,208,209,209,209,210,210,210,211,211,211,212,212,212,213,213,213,214,214,214,215,215,215,216,216,216,217,217,217,218,218,218,219,219,219,220,220,220,221,221,221,222,222,222,223,223,223,224,224,224,225,225,225,226,226,226,227,227,227,228,228,228,229,229,229,230,230,230,231,231,231,232,232,232,233,233,233,234,234,234,235,235,235,236,236,236,237,237,237,238,238,238,239,239,239,240,240,240,241,241,241,242,242,242,243,243,243,244,244,244,245,245,245,246,246,246,247,247,247,248,248,248,249,249,249,250,250,250,251,251,251,252,252,252,253,253,253,254,254,254,255,255,255,256,256,256,257,257,257,258,258,258,259,259,259,260,260,260,261,261,261,262,262,262,263,263,263,264,264,264,265,265,265,266,266,266,267,267,267,268,268,268,269,269,269,270,270,270,271,271,271,272,272,272,273,273,273,274,274,274,275,275,275,276,276,276,277,277,277,278,278,278,279,279,279,280,280,280,281,281,281,282,282,282,283,283,283,284,284,284,285,285,285,286,286,286,287,287,287,288,288,288,289,289,289,290,290,290,291,291,291,292,292,292,293,293,293,294,294,294,295,295,295,296,296,296,297,297,297,298,298,298,299,299,299,300,300,300"

Serialization with compression: "1*3,1*3,*3,*3,*3,*3,*3,*3,*3,*3,*3,*3,*3,*3,*3,*3,*3,*3,*3,*3,*3,*3,*3,*3,*3,*3,*3,*3,*3,*3,*3,*3,*3,*3,*3,*3,*3,*3,*3,*3,*3,*3,*3,*3,*3,*3,*3,*3,*3,*3,*3,*3,*3,*3,*3,*3,*3,*3,*3,*3,*3,*3,*3,*3,*3,*3,*3,*3,*3,*3,*3,*3,*3,*3,*3,*3,*3,*3,*3,*3,*3,*3,*3,*3,*3,*3,*3,*3,*3,*3,*3,*3,*3,*3,*3,*3,*3,*3,*3,*3,*3,*3,*3,*3,*3,*3,*3,*3,*3,*3,*3,*3,*3,*3,*3,*3,*3,*3,*3,*3,*3,*3,*3,*3,*3,*3,*3,*3,*3,*3,*3,*3,*3,*3,*3,*3,*3,*3,*3,*3,*3,*3,*3,*3,*3,*3,*3,*3,*3,*3,*3,*3,*3,*3,*3,*3,*3,*3,*3,*3,*3,*3,*3,*3,*3,*3,*3,*3,*3,*3,*3,*3,*3,*3,*3,*3,*3,*3,*3,*3,*3,*3,*3,*3,*3,*3,*3,*3,*3,*3,*3,*3,*3,*3,*3,*3,*3,*3,*3,*3,*3,*3,*3,*3,*3,*3,*3,*3,*3,*3,*3,*3,*3,*3,*3,*3,*3,*3,*3,*3,*3,*3,*3,*3,*3,*3,*3,*3,*3,*3,*3,*3,*3,*3,*3,*3,*3,*3,*3,*3,*3,*3,*3,*3,*3,*3,*3,*3,*3,*3,*3,*3,*3,*3,*3,*3,*3,*3,*3,*3,*3,*3,*3,*3,*3,*3,*3,*3,*3,*3,*3,*3,*3,*3,*3,*3,*3,*3,*3,*3,*3,*3,*3,*3,*3,*3,*3,*3,*3,*3,*3,*3,*3,*3,*3,*3,*3,*3,*3,*3"

Deserialized array: [1, 1, 1, 2, 2, 2, 3, 3, 3, 4, 4, 4, 5, 5, 5, 6, 6, 6, 7, 7, 7, 8, 8, 8, 9, 9, 9, 10, 10, 10, 11, 11, 11, 12, 12, 12, 13, 13, 13, 14, 14, 14, 15, 15, 15, 16, 16, 16, 17, 17, 17, 18, 18, 18, 19, 19, 19, 20, 20, 20, 21, 21, 21, 22, 22, 22, 23, 23, 23, 24, 24, 24, 25, 25, 25, 26, 26, 26, 27, 27, 27, 28, 28, 28, 29, 29, 29, 30, 30, 30, 31, 31, 31, 32, 32, 32, 33, 33, 33, 34, 34, 34, 35, 35, 35, 36, 36, 36, 37, 37, 37, 38, 38, 38, 39, 39, 39, 40, 40, 40, 41, 41, 41, 42, 42, 42, 43, 43, 43, 44, 44, 44, 45, 45, 45, 46, 46, 46, 47, 47, 47, 48, 48, 48, 49, 49, 49, 50, 50, 50, 51, 51, 51, 52, 52, 52, 53, 53, 53, 54, 54, 54, 55, 55, 55, 56, 56, 56, 57, 57, 57, 58, 58, 58, 59, 59, 59, 60, 60, 60, 61, 61, 61, 62, 62, 62, 63, 63, 63, 64, 64, 64, 65, 65, 65, 66, 66, 66, 67, 67, 67, 68, 68, 68, 69, 69, 69, 70, 70, 70, 71, 71, 71, 72, 72, 72, 73, 73, 73, 74, 74, 74, 75, 75, 75, 76, 76, 76, 77, 77, 77, 78, 78, 78, 79, 79, 79, 80, 80, 80, 81, 81, 81, 82, 82, 82, 83, 83, 83, 84, 84, 84, 85, 85, 85, 86, 86, 86, 87, 87, 87, 88, 88, 88, 89, 89, 89, 90, 90, 90, 91, 91, 91, 92, 92, 92, 93, 93, 93, 94, 94, 94, 95, 95, 95, 96, 96, 96, 97, 97, 97, 98, 98, 98, 99, 99, 99, 100, 100, 100, 101, 101, 101, 102, 102, 102, 103, 103, 103, 104, 104, 104, 105, 105, 105, 106, 106, 106, 107, 107, 107, 108, 108, 108, 109, 109, 109, 110, 110, 110, 111, 111, 111, 112, 112, 112, 113, 113, 113, 114, 114, 114, 115, 115, 115, 116, 116, 116, 117, 117, 117, 118, 118, 118, 119, 119, 119, 120, 120, 120, 121, 121, 121, 122, 122, 122, 123, 123, 123, 124, 124, 124, 125, 125, 125, 126, 126, 126, 127, 127, 127, 128, 128, 128, 129, 129, 129, 130, 130, 130, 131, 131, 131, 132, 132, 132, 133, 133, 133, 134, 134, 134, 135, 135, 135, 136, 136, 136, 137, 137, 137, 138, 138, 138, 139, 139, 139, 140, 140, 140, 141, 141, 141, 142, 142, 142, 143, 143, 143, 144, 144, 144, 145, 145, 145, 146, 146, 146, 147, 147, 147, 148, 148, 148, 149, 149, 149, 150, 150, 150, 151, 151, 151, 152, 152, 152, 153, 153, 153, 154, 154, 154, 155, 155, 155, 156, 156, 156, 157, 157, 157, 158, 158, 158, 159, 159, 159, 160, 160, 160, 161, 161, 161, 162, 162, 162, 163, 163, 163, 164, 164, 164, 165, 165, 165, 166, 166, 166, 167, 167, 167, 168, 168, 168, 169, 169, 169, 170, 170, 170, 171, 171, 171, 172, 172, 172, 173, 173, 173, 174, 174, 174, 175, 175, 175, 176, 176, 176, 177, 177, 177, 178, 178, 178, 179, 179, 179, 180, 180, 180, 181, 181, 181, 182, 182, 182, 183, 183, 183, 184, 184, 184, 185, 185, 185, 186, 186, 186, 187, 187, 187, 188, 188, 188, 189, 189, 189, 190, 190, 190, 191, 191, 191, 192, 192, 192, 193, 193, 193, 194, 194, 194, 195, 195, 195, 196, 196, 196, 197, 197, 197, 198, 198, 198, 199, 199, 199, 200, 200, 200, 201, 201, 201, 202, 202, 202, 203, 203, 203, 204, 204, 204, 205, 205, 205, 206, 206, 206, 207, 207, 207, 208, 208, 208, 209, 209, 209, 210, 210, 210, 211, 211, 211, 212, 212, 212, 213, 213, 213, 214, 214, 214, 215, 215, 215, 216, 216, 216, 217, 217, 217, 218, 218, 218, 219, 219, 219, 220, 220, 220, 221, 221, 221, 222, 222, 222, 223, 223, 223, 224, 224, 224, 225, 225, 225, 226, 226, 226, 227, 227, 227, 228, 228, 228, 229, 229, 229, 230, 230, 230, 231, 231, 231, 232, 232, 232, 233, 233, 233, 234, 234, 234, 235, 235, 235, 236, 236, 236, 237, 237, 237, 238, 238, 238, 239, 239, 239, 240, 240, 240, 241, 241, 241, 242, 242, 242, 243, 243, 243, 244, 244, 244, 245, 245, 245, 246, 246, 246, 247, 247, 247, 248, 248, 248, 249, 249, 249, 250, 250, 250, 251, 251, 251, 252, 252, 252, 253, 253, 253, 254, 254, 254, 255, 255, 255, 256, 256, 256, 257, 257, 257, 258, 258, 258, 259, 259, 259, 260, 260, 260, 261, 261, 261, 262, 262, 262, 263, 263, 263, 264, 264, 264, 265, 265, 265, 266, 266, 266, 267, 267, 267, 268, 268, 268, 269, 269, 269, 270, 270, 270, 271, 271, 271, 272, 272, 272, 273, 273, 273, 274, 274, 274, 275, 275, 275, 276, 276, 276, 277, 277, 277, 278, 278, 278, 279, 279, 279, 280, 280, 280, 281, 281, 281, 282, 282, 282, 283, 283, 283, 284, 284, 284, 285, 285, 285, 286, 286, 286, 287, 287, 287, 288, 288, 288, 289, 289, 289, 290, 290, 290, 291, 291, 291, 292, 292, 292, 293, 293, 293, 294, 294, 294, 295, 295, 295, 296, 296, 296, 297, 297, 297, 298, 298, 298, 299, 299, 299, 300, 300, 300]

Compression ratio: 0.2751145

--------------------------------------------------------------------------------
Program ended with exit code: 0